<<<<<<< HEAD
1 0.488333 0.69 0.03 0.033333
0 0.255 0.648333 0.07 0.056667
0 0.7316670000000001 0.783333 0.096667 0.086667
0 0.97 0.498333 0.033333 0.036667
=======
0 0.638281 0.648148 0.029687 0.038889
0 0.367708 0.785185 0.039583 0.070370
0 0.162500 0.533796 0.017708 0.025000
0 0.234115 0.495370 0.015104 0.018519
0 0.497656 0.490741 0.013021 0.014815
1 0.237760 0.693056 0.010937 0.015741
1 0.506771 0.694907 0.013542 0.025000
1 0.181250 0.766667 0.011458 0.027778
1 0.263802 0.700000 0.010937 0.024074
>>>>>>> 8126ae5d52b5ca214272d46f2873dd5b981d4dab
