<<<<<<< HEAD
0 0.265 0.648333 0.076667 0.05
0 0.83 0.816667 0.1 0.093333
0 0.795 0.545 0.05 0.036667
1 0.31999999999999995 0.963333 0.066667 0.04
=======
0 0.631250 0.647685 0.032292 0.043519
0 0.313281 0.817130 0.049479 0.069444
1 0.244271 0.825463 0.019792 0.049074
0 0.333333 0.540741 0.019792 0.022222
1 0.590365 0.827315 0.014063 0.041667
1 0.122396 0.759722 0.011458 0.025000
1 0.204948 0.694444 0.017188 0.016667
1 0.600000 0.959722 0.033333 0.037963
>>>>>>> 8126ae5d52b5ca214272d46f2873dd5b981d4dab
