<<<<<<< HEAD
1 0.766667 0.501667 0.04 0.05
1 0.801667 0.5 0.03 0.046667
0 0.751667 0.361667 0.05 0.05
0 0.36166699999999996 0.278333 0.036667 0.036667
0 0.905 0.276667 0.036667 0.026667
0 0.43333299999999997 0.303333 0.026667 0.04
=======
0 0.773177 0.278241 0.018229 0.026852
0 0.578385 0.276852 0.014063 0.031481
0 0.273438 0.277778 0.019792 0.029630
0 0.357552 0.362500 0.021354 0.041667
0 0.534896 0.303241 0.016667 0.025000
0 0.181771 0.386111 0.018750 0.025926
1 0.350000 0.500463 0.016667 0.037963
>>>>>>> 8126ae5d52b5ca214272d46f2873dd5b981d4dab
