<<<<<<< HEAD
0 0.353333 0.278333 0.04 0.036667
0 0.755 0.32 0.05 0.033333
1 0.743333 0.525 0.04 0.043333
1 0.781667 0.541667 0.03 0.05
0 0.9083330000000001 0.275 0.036667 0.036667
=======
0 0.773177 0.278241 0.018229 0.026852
0 0.578385 0.276852 0.014063 0.031481
0 0.271354 0.277315 0.020833 0.037963
0 0.356510 0.319907 0.028646 0.032407
0 0.536719 0.304167 0.020313 0.026852
0 0.181250 0.381944 0.017708 0.028704
1 0.341406 0.538889 0.016146 0.061111
1 0.363542 0.526389 0.016667 0.039815
>>>>>>> 8126ae5d52b5ca214272d46f2873dd5b981d4dab
