<<<<<<< HEAD
1 0.911667 0.566667 0.036667 0.046667
0 0.355 0.278333 0.036667 0.03
0 0.915 0.321667 0.043333 0.036667
0 0.42500000000000004 0.296667 0.03 0.033333
0 0.016666999999999987 0.276667 0.033333 0.033333
0 0.983333 0.278333 0.026667 0.023333
=======
0 0.773177 0.278241 0.018229 0.026852
0 0.578385 0.276852 0.014063 0.031481
0 0.228385 0.283333 0.019271 0.025926
0 0.265885 0.322685 0.028646 0.032407
0 0.540104 0.295833 0.017708 0.037963
0 0.192708 0.377315 0.011458 0.023148
1 0.270052 0.567593 0.026562 0.046296
>>>>>>> 8126ae5d52b5ca214272d46f2873dd5b981d4dab
