<<<<<<< HEAD
0 0.31000000000000005 0.513333 0.106667 0.073333
0 0.16833299999999995 0.578333 0.11 0.076667
1 0.31499999999999995 0.918333 0.043333 0.056667
1 0.38833300000000004 0.895 0.063333 0.043333
0 0.913333 0.271667 0.04 0.03
=======
0 0.690365 0.578241 0.047396 0.067593
0 0.606250 0.518519 0.044792 0.062963
1 0.568229 0.897685 0.025000 0.036111
1 0.934115 0.618056 0.015104 0.043519
1 0.604948 0.920370 0.020313 0.048148
0 0.870833 0.464352 0.012500 0.028704
0 0.846875 0.424537 0.015625 0.032407
0 0.845052 0.307870 0.014063 0.021296
0 0.264844 0.274537 0.013021 0.019444
>>>>>>> 8126ae5d52b5ca214272d46f2873dd5b981d4dab
