<<<<<<< HEAD
1 0.28333299999999995 0.866667 0.06 0.02
1 0.30333299999999996 0.851667 0.04 0.03
1 0.968333 0.656667 0.05 0.04
0 0.26 0.601667 0.066667 0.043333
0 0.975 0.475 0.036667 0.036667
0 0.801667 0.401667 0.03 0.023333
0 0.868333 0.401667 0.016667 0.016667
0 0.421667 0.406667 0.023333 0.013333
=======
0 0.234635 0.477778 0.013021 0.020370
1 0.237500 0.656019 0.015625 0.026852
0 0.637240 0.595370 0.025521 0.035185
1 0.610677 0.851389 0.013021 0.025000
1 0.621615 0.868981 0.028646 0.021296
0 0.206250 0.479167 0.013542 0.019444
>>>>>>> 8126ae5d52b5ca214272d46f2873dd5b981d4dab
