<<<<<<< HEAD
0 0.26 0.605 0.066667 0.043333
0 0.976667 0.478333 0.033333 0.03
1 0.281667 0.865 0.056667 0.036667
1 0.30000000000000004 0.853333 0.04 0.026667
0 0.376667 0.406667 0.02 0.02
0 0.806667 0.403333 0.026667 0.02
0 0.876667 0.4 0.026667 0.02
=======
0 0.231250 0.476852 0.014583 0.018519
1 0.235937 0.659722 0.010417 0.034259
0 0.634635 0.600926 0.027604 0.037037
1 0.610677 0.851389 0.013021 0.025000
1 0.621615 0.868981 0.028646 0.021296
0 0.201042 0.475463 0.013542 0.019444
1 0.245833 0.657870 0.011458 0.023148
0 0.570052 0.408796 0.008854 0.013889
>>>>>>> 8126ae5d52b5ca214272d46f2873dd5b981d4dab
