<<<<<<< HEAD
1 0.28833299999999995 0.866667 0.056667 0.033333
1 0.30000000000000004 0.858333 0.04 0.03
1 0.9666669999999999 0.656667 0.04 0.033333
0 0.255 0.6 0.063333 0.046667
0 0.971667 0.478333 0.03 0.023333
0 0.468333 0.393333 0.023333 0.013333
0 0.8200000000000001 0.403333 0.02 0.013333
=======
0 0.233073 0.476389 0.013021 0.015741
1 0.237760 0.655093 0.015104 0.028704
0 0.637240 0.595370 0.025521 0.035185
1 0.610677 0.851389 0.013021 0.025000
1 0.621615 0.868981 0.028646 0.021296
0 0.177604 0.476389 0.018750 0.015741
>>>>>>> 8126ae5d52b5ca214272d46f2873dd5b981d4dab
