<<<<<<< HEAD
0 0.256667 0.595 0.06 0.043333
0 0.97 0.475 0.033333 0.03
1 0.28333299999999995 0.868333 0.053333 0.023333
1 0.29833299999999996 0.851667 0.036667 0.03
1 0.968333 0.653333 0.036667 0.04
0 0.821667 0.401667 0.023333 0.016667
0 0.866667 0.401667 0.026667 0.016667
0 0.47 0.403333 0.02 0.02
=======
0 0.234635 0.477778 0.013021 0.020370
1 0.236979 0.654630 0.015625 0.027778
0 0.637240 0.595370 0.025521 0.035185
1 0.610677 0.851389 0.013021 0.025000
1 0.621615 0.868981 0.028646 0.021296
0 0.208854 0.479167 0.011458 0.019444
>>>>>>> 8126ae5d52b5ca214272d46f2873dd5b981d4dab
