<<<<<<< HEAD
0 0.255 0.601667 0.063333 0.043333
0 0.9666669999999999 0.476667 0.033333 0.026667
1 0.301667 0.848333 0.05 0.03
1 0.28500000000000003 0.866667 0.056667 0.02
1 0.951667 0.655 0.036667 0.036667
0 0.4 0.418333 0.026667 0.023333
0 0.806667 0.405 0.02 0.023333
0 0.91 0.403333 0.026667 0.013333
=======
0 0.236198 0.477315 0.011979 0.017593
0 0.638802 0.601852 0.027604 0.037037
1 0.610677 0.851389 0.013021 0.025000
1 0.621615 0.868981 0.028646 0.021296
0 0.222135 0.482407 0.011979 0.020370
1 0.244531 0.656481 0.010937 0.027778
>>>>>>> 8126ae5d52b5ca214272d46f2873dd5b981d4dab
