<<<<<<< HEAD
0 0.53 0.465 0.106667 0.083333
0 0.666667 0.418333 0.086667 0.063333
1 0.623333 0.82 0.073333 0.086667
1 0.563333 0.915 0.066667 0.043333
0 0.913333 0.276667 0.033333 0.033333
=======
0 0.408333 0.415741 0.038542 0.053704
0 0.488542 0.467593 0.054167 0.087037
1 0.934115 0.618056 0.015104 0.043519
0 0.876302 0.462037 0.017188 0.035185
1 0.484635 0.967593 0.053646 0.037037
1 0.465104 0.911111 0.034375 0.037037
1 0.425781 0.829630 0.035937 0.046296
0 0.861979 0.313426 0.014583 0.034259
0 0.267708 0.278241 0.020833 0.019444
>>>>>>> 8126ae5d52b5ca214272d46f2873dd5b981d4dab
