<<<<<<< HEAD
0 0.5283329999999999 0.48 0.11 0.093333
1 0.5533330000000001 0.913333 0.08 0.046667
1 0.53 0.965 0.093333 0.05
0 0.963333 0.308333 0.04 0.03
0 0.915 0.28 0.03 0.02
0 0.7316670000000001 0.198333 0.03 0.016667
=======
0 0.238802 0.308333 0.024479 0.027778
0 0.485417 0.477778 0.052083 0.088889
1 0.934115 0.618056 0.015104 0.043519
0 0.879427 0.461111 0.016146 0.037037
1 0.484635 0.967593 0.053646 0.037037
1 0.465104 0.914815 0.034375 0.029630
>>>>>>> 8126ae5d52b5ca214272d46f2873dd5b981d4dab
