<<<<<<< HEAD
0 0.556667 0.673333 0.086667 0.046667
1 0.566667 0.985 0.08 0.03
0 0.255 0.585 0.056667 0.05
0 0.20666700000000005 0.731667 0.073333 0.056667
0 0.73 0.886667 0.08 0.073333
1 0.28833299999999995 0.86 0.036667 0.053333
0 0.948333 0.421667 0.03 0.03
=======
0 0.460156 0.674537 0.033854 0.037963
0 0.368750 0.882407 0.038542 0.050000
1 0.463542 0.989815 0.042708 0.020370
0 0.637760 0.583796 0.026562 0.043519
1 0.617188 0.852315 0.020833 0.058333
0 0.664323 0.733796 0.031771 0.050926
>>>>>>> 8126ae5d52b5ca214272d46f2873dd5b981d4dab
