<<<<<<< HEAD
0 0.578333 0.5 0.096667 0.1
1 0.526667 0.963333 0.106667 0.046667
1 0.566667 0.911667 0.066667 0.05
0 0.975 0.328333 0.043333 0.043333
0 0.91 0.276667 0.033333 0.026667
=======
0 0.230208 0.328704 0.022917 0.031481
0 0.456510 0.497222 0.052604 0.088889
1 0.934115 0.618056 0.015104 0.043519
0 0.879427 0.461111 0.016146 0.037037
1 0.484635 0.967593 0.053646 0.037037
1 0.465104 0.914815 0.034375 0.029630
1 0.255990 0.571296 0.017188 0.016667
>>>>>>> 8126ae5d52b5ca214272d46f2873dd5b981d4dab
