<<<<<<< HEAD
0 0.56 0.478333 0.12 0.096667
1 0.558333 0.91 0.083333 0.053333
0 0.91 0.281667 0.033333 0.03
0 0.968333 0.325 0.056667 0.036667
1 0.5283329999999999 0.96 0.09 0.04
0 0.86 0.211667 0.026667 0.016667
=======
0 0.238542 0.321296 0.023958 0.033333
0 0.465365 0.473611 0.051562 0.065741
1 0.934115 0.618056 0.015104 0.043519
0 0.879427 0.461111 0.016146 0.037037
1 0.484635 0.967593 0.053646 0.037037
1 0.465104 0.914815 0.034375 0.029630
1 0.255990 0.571296 0.017188 0.016667
0 0.269531 0.281481 0.019271 0.024074
0 0.857812 0.309722 0.020833 0.028704
>>>>>>> 8126ae5d52b5ca214272d46f2873dd5b981d4dab
