<<<<<<< HEAD
0 0.5700000000000001 0.486667 0.113333 0.1
1 0.5549999999999999 0.913333 0.083333 0.046667
1 0.53 0.965 0.086667 0.043333
0 0.895 0.338333 0.056667 0.043333
0 0.91 0.281667 0.04 0.03
=======
0 0.279167 0.339815 0.029167 0.035185
0 0.459115 0.485185 0.051562 0.070370
1 0.934115 0.618056 0.015104 0.043519
0 0.876302 0.462037 0.017188 0.035185
1 0.465104 0.914815 0.034375 0.029630
1 0.286719 0.601389 0.022396 0.041667
1 0.482812 0.963426 0.048958 0.036111
>>>>>>> 8126ae5d52b5ca214272d46f2873dd5b981d4dab
