<<<<<<< HEAD
0 0.19999999999999996 0.608333 0.053333 0.05
0 0.751667 0.911667 0.09 0.076667
0 0.858333 0.616667 0.05 0.053333
1 0.235 0.913333 0.043333 0.033333
1 0.29833299999999996 0.908333 0.056667 0.03
1 0.868333 0.866667 0.056667 0.046667
=======
0 0.300000 0.617130 0.032292 0.037963
0 0.360417 0.912037 0.046875 0.064815
1 0.614844 0.912500 0.033854 0.028704
0 0.667969 0.609722 0.027604 0.041667
1 0.645833 0.916667 0.019792 0.033333
1 0.622656 0.803241 0.011979 0.054630
1 0.291667 0.864352 0.027083 0.036111
>>>>>>> 8126ae5d52b5ca214272d46f2873dd5b981d4dab
