<<<<<<< HEAD
0 0.521667 0.475 0.116667 0.096667
1 0.946667 0.446667 0.04 0.026667
1 0.563333 0.913333 0.066667 0.053333
1 0.53 0.966667 0.1 0.04
0 0.916667 0.281667 0.04 0.036667
0 0.988333 0.29 0.016667 0.02
0 0.69 0.201667 0.02 0.023333
=======
0 0.267708 0.279630 0.012500 0.024074
0 0.491667 0.476852 0.051042 0.075926
1 0.934115 0.618056 0.015104 0.043519
1 0.484635 0.967593 0.053646 0.037037
1 0.465104 0.914815 0.034375 0.029630
0 0.221354 0.288426 0.019792 0.026852
0 0.848958 0.437963 0.016667 0.029630
>>>>>>> 8126ae5d52b5ca214272d46f2873dd5b981d4dab
