<<<<<<< HEAD
1 0.318333 0.886667 0.043333 0.04
1 0.36166699999999996 0.878333 0.03 0.03
1 0.565 0.986667 0.07 0.026667
0 0.306667 0.598333 0.06 0.05
0 0.37833300000000003 0.53 0.056667 0.04
0 0.5700000000000001 0.68 0.08 0.046667
0 0.751667 0.916667 0.096667 0.066667
0 0.7066669999999999 0.406667 0.026667 0.02
=======
0 0.461719 0.674537 0.033854 0.037963
0 0.359375 0.911574 0.047917 0.056481
1 0.463542 0.989815 0.042708 0.020370
0 0.568229 0.531019 0.019792 0.037963
1 0.577604 0.875000 0.018750 0.029630
0 0.607292 0.595370 0.027083 0.037037
1 0.599479 0.887963 0.020833 0.033333
1 0.544271 0.743519 0.018750 0.020370
0 0.869271 0.939815 0.053125 0.072222
>>>>>>> 8126ae5d52b5ca214272d46f2873dd5b981d4dab
