<<<<<<< HEAD
0 0.5549999999999999 0.675 0.096667 0.063333
0 0.323333 0.631667 0.066667 0.043333
0 0.746667 0.908333 0.093333 0.076667
1 0.565 0.99 0.076667 0.02
1 0.38 0.951667 0.04 0.056667
0 0.84 0.411667 0.026667 0.023333
0 0.25 0.583333 0.046667 0.053333
=======
0 0.471615 0.672685 0.033854 0.037963
0 0.360938 0.906944 0.047917 0.056481
1 0.463542 0.989815 0.042708 0.020370
0 0.637760 0.583796 0.026562 0.043519
1 0.564063 0.947685 0.020833 0.058333
0 0.598437 0.633333 0.027083 0.033333
>>>>>>> 8126ae5d52b5ca214272d46f2873dd5b981d4dab
