<<<<<<< HEAD
0 0.751667 0.916667 0.103333 0.066667
0 0.708333 0.646667 0.07 0.046667
0 0.21166700000000005 0.605 0.07 0.043333
1 0.23166699999999996 0.913333 0.036667 0.04
1 0.296667 0.906667 0.08 0.033333
0 0.55 0.401667 0.02 0.023333
=======
0 0.380469 0.647685 0.033854 0.037963
0 0.359375 0.912500 0.047917 0.056481
1 0.614844 0.912500 0.033854 0.028704
0 0.662500 0.606481 0.027083 0.037037
1 0.644271 0.914815 0.022917 0.029630
1 0.619271 0.801389 0.018750 0.050926
>>>>>>> 8126ae5d52b5ca214272d46f2873dd5b981d4dab
