<<<<<<< HEAD
0 0.19999999999999996 0.606667 0.06 0.046667
0 0.751667 0.908333 0.096667 0.076667
1 0.301667 0.911667 0.056667 0.03
1 0.233333 0.915 0.04 0.036667
0 0.971667 0.621667 0.05 0.043333
0 0.958333 0.421667 0.023333 0.023333
=======
0 0.230729 0.619907 0.027083 0.037963
0 0.354167 0.914815 0.046875 0.064815
1 0.614844 0.912500 0.033854 0.028704
0 0.666146 0.608796 0.027083 0.036111
1 0.645833 0.916667 0.019792 0.033333
1 0.648698 0.768519 0.020313 0.031481
>>>>>>> 8126ae5d52b5ca214272d46f2873dd5b981d4dab
