<<<<<<< HEAD
0 0.08666700000000005 0.636667 0.06 0.046667
0 0.43333299999999997 0.666667 0.073333 0.053333
0 0.32666700000000004 0.523333 0.046667 0.033333
1 0.29333299999999995 0.738333 0.04 0.036667
1 0.35666699999999996 0.745 0.04 0.036667
1 0.14500000000000002 0.965 0.07 0.036667
0 0.6950000000000001 0.446667 0.03 0.026667
=======
0 0.733594 0.639815 0.026562 0.040741
0 0.542448 0.670833 0.033854 0.047222
0 0.597135 0.524537 0.021354 0.028704
1 0.698177 0.968981 0.032813 0.025000
1 0.616406 0.737500 0.015104 0.036111
1 0.580469 0.749074 0.017188 0.031481
>>>>>>> 8126ae5d52b5ca214272d46f2873dd5b981d4dab
