<<<<<<< HEAD
1 0.375 0.865 0.05 0.043333
1 0.453333 0.776667 0.06 0.04
0 0.39833300000000005 0.583333 0.056667 0.033333
0 0.7683329999999999 0.92 0.083333 0.066667
=======
0 0.348177 0.919444 0.044271 0.059259
1 0.524219 0.774537 0.029687 0.026852
0 0.560937 0.582407 0.026042 0.025926
0 0.840625 0.655556 0.026042 0.042593
1 0.570573 0.865741 0.028646 0.035185
1 0.059635 0.700000 0.009896 0.040741
0 0.052865 0.524074 0.016146 0.020370
1 0.079427 0.702778 0.018229 0.024074
>>>>>>> 8126ae5d52b5ca214272d46f2873dd5b981d4dab
