<<<<<<< HEAD
0 0.753333 0.915 0.086667 0.07
0 0.38833300000000004 0.583333 0.063333 0.033333
1 0.45499999999999996 0.775 0.056667 0.05
1 0.37166699999999997 0.868333 0.043333 0.043333
=======
0 0.357552 0.912963 0.043229 0.055556
1 0.524219 0.774537 0.029687 0.026852
0 0.563021 0.584259 0.026042 0.025926
0 0.829688 0.715741 0.026042 0.042593
1 0.570573 0.865741 0.028646 0.035185
0 0.068229 0.524537 0.015625 0.021296
1 0.079167 0.712037 0.017708 0.037037
>>>>>>> 8126ae5d52b5ca214272d46f2873dd5b981d4dab
