<<<<<<< HEAD
1 0.28833299999999995 0.906667 0.056667 0.046667
1 0.76 0.7 0.02 0.02
1 0.8049999999999999 0.698333 0.03 0.016667
0 0.79 0.496667 0.04 0.026667
0 0.416667 0.678333 0.066667 0.056667
0 0.22999999999999998 0.623333 0.066667 0.053333
0 0.6066670000000001 0.461667 0.033333 0.03
=======
0 0.545573 0.681481 0.034896 0.042593
0 0.647396 0.624537 0.030208 0.043519
0 0.335677 0.495370 0.015104 0.020370
1 0.621615 0.908333 0.031771 0.040741
1 0.640885 0.944444 0.024479 0.037037
1 0.355729 0.700463 0.016667 0.013889
1 0.330469 0.697222 0.011979 0.018519
>>>>>>> 8126ae5d52b5ca214272d46f2873dd5b981d4dab
