<<<<<<< HEAD
0 0.4 0.65 0.073333 0.053333
0 0.20499999999999996 0.69 0.07 0.06
0 0.8416669999999999 0.506667 0.03 0.033333
1 0.34666699999999995 0.976667 0.053333 0.046667
1 0.41833299999999995 0.978333 0.043333 0.043333
0 0.6 0.476667 0.033333 0.026667
0 0.635 0.453333 0.03 0.026667
=======
0 0.663542 0.689815 0.028125 0.044444
0 0.556771 0.646296 0.028125 0.042593
0 0.306771 0.507870 0.015625 0.026852
1 0.540365 0.979630 0.031771 0.040741
1 0.586719 0.974074 0.027604 0.051852
>>>>>>> 8126ae5d52b5ca214272d46f2873dd5b981d4dab
