<<<<<<< HEAD
0 0.78 0.496667 0.046667 0.033333
0 0.42500000000000004 0.665 0.09 0.056667
0 0.28500000000000003 0.626667 0.07 0.053333
1 0.28500000000000003 0.935 0.07 0.05
1 0.7833330000000001 0.683333 0.026667 0.026667
1 0.64 0.616667 0.02 0.013333
0 0.62 0.456667 0.033333 0.02
=======
0 0.543490 0.667593 0.034896 0.042593
0 0.621875 0.626389 0.029167 0.050926
0 0.340885 0.495370 0.016146 0.020370
1 0.620313 0.935185 0.030208 0.044444
1 0.341146 0.686111 0.018750 0.018519
1 0.363281 0.675926 0.008854 0.016667
>>>>>>> 8126ae5d52b5ca214272d46f2873dd5b981d4dab
