<<<<<<< HEAD
0 0.743333 0.92 0.086667 0.066667
0 0.385 0.586667 0.05 0.04
0 0.19833299999999998 0.518333 0.036667 0.036667
1 0.37166699999999997 0.865 0.05 0.05
1 0.45666700000000005 0.77 0.053333 0.04
1 0.21666700000000005 0.708333 0.046667 0.03
=======
0 0.362240 0.917593 0.043229 0.055556
1 0.524219 0.774537 0.029687 0.026852
0 0.562500 0.587500 0.030208 0.034259
1 0.570573 0.865741 0.028646 0.035185
0 0.081771 0.527315 0.017708 0.023148
0 0.669010 0.514352 0.019271 0.023148
1 0.660937 0.697685 0.021875 0.039815
>>>>>>> 8126ae5d52b5ca214272d46f2873dd5b981d4dab
