<<<<<<< HEAD
1 0.74 0.54 0.033333 0.04
1 0.77 0.533333 0.026667 0.033333
0 0.756667 0.306667 0.046667 0.04
0 0.33499999999999996 0.31 0.03 0.033333
0 0.44499999999999995 0.313333 0.036667 0.033333
=======
0 0.790104 0.354167 0.018750 0.032407
0 0.593750 0.309722 0.014583 0.032407
0 0.528385 0.317593 0.020313 0.035185
0 0.357812 0.306944 0.022917 0.028704
1 0.363542 0.535185 0.010417 0.042593
0 0.162500 0.393981 0.014583 0.019444
1 0.347917 0.530556 0.008333 0.033333
>>>>>>> 8126ae5d52b5ca214272d46f2873dd5b981d4dab
