<<<<<<< HEAD
0 0.396667 0.273333 0.106667 0.12
0 0.688333 0.135 0.11 0.156667
0 0.26833300000000004 0.211667 0.163333 0.19
0 0.30000000000000004 0.126667 0.113333 0.146667
0 0.823333 0.081667 0.166667 0.156667
=======
0 0.598437 0.275000 0.103125 0.134375
0 0.311719 0.132812 0.101562 0.156250
0 0.174219 0.082812 0.160938 0.162500
0 0.089844 0.174219 0.054688 0.067187
0 0.695312 0.123438 0.115625 0.137500
0 0.731250 0.214062 0.162500 0.175000
0 0.959375 0.098437 0.081250 0.193750
>>>>>>> 8126ae5d52b5ca214272d46f2873dd5b981d4dab
