<<<<<<< HEAD
0 0.54 0.205 0.086667 0.07
0 0.29833299999999996 0.046667 0.11 0.086667
0 0.088333 0.271667 0.063333 0.07
0 0.728333 0.236667 0.07 0.066667
1 0.06499999999999995 0.886667 0.043333 0.046667
1 0.10833300000000001 0.866667 0.036667 0.053333
1 0.25833300000000003 0.871667 0.05 0.063333
1 0.30833299999999997 0.89 0.05 0.053333
1 0.516667 0.863333 0.046667 0.046667
1 0.5800000000000001 0.85 0.06 0.08
1 0.74 0.865 0.06 0.05
=======
0 0.911719 0.265625 0.060937 0.046875
0 0.697656 0.039062 0.101562 0.075000
0 0.459375 0.202344 0.081250 0.057813
0 0.268750 0.227344 0.056250 0.051562
>>>>>>> 8126ae5d52b5ca214272d46f2873dd5b981d4dab
