<<<<<<< HEAD
0 0.5349999999999999 0.325 0.056667 0.076667
0 0.365 0.261667 0.056667 0.056667
0 0.411667 0.321667 0.063333 0.056667
1 0.301667 0.756667 0.05 0.066667
0 0.601667 0.446667 0.056667 0.093333
0 0.29333299999999995 0.295 0.066667 0.063333
0 0.85 0.248333 0.066667 0.043333
=======
0 0.707031 0.298438 0.057813 0.068750
0 0.625781 0.257031 0.070312 0.051562
0 0.592969 0.328125 0.054688 0.053125
0 0.466406 0.322656 0.060937 0.073438
0 0.398438 0.446094 0.056250 0.092188
0 0.153125 0.246875 0.071875 0.043750
>>>>>>> 8126ae5d52b5ca214272d46f2873dd5b981d4dab
