<<<<<<< HEAD
2 0.5800000000000001 0.546667 0.033333 0.046667
0 0.766667 0.536667 0.04 0.046667
0 0.648333 0.57 0.036667 0.033333
0 0.8200000000000001 0.578333 0.046667 0.063333
0 0.851667 0.541667 0.05 0.043333
0 0.48666699999999996 0.568333 0.026667 0.023333
=======
0 0.514844 0.571094 0.020313 0.014063
0 0.842969 0.575000 0.023438 0.021875
0 0.848437 0.603125 0.025000 0.018750
0 0.421094 0.550000 0.039062 0.040625
0 0.353906 0.569531 0.029687 0.032813
0 0.275781 0.553906 0.042188 0.051562
0 0.237500 0.535937 0.050000 0.040625
0 0.206250 0.549219 0.031250 0.029687
0 0.179688 0.575781 0.059375 0.048438
0 0.151562 0.539844 0.046875 0.048438
>>>>>>> 8126ae5d52b5ca214272d46f2873dd5b981d4dab
