<<<<<<< HEAD
0 0.565 0.221667 0.096667 0.096667
0 0.30333299999999996 0.216667 0.093333 0.08
0 0.818333 0.521667 0.096667 0.09
1 0.576667 0.791667 0.086667 0.05
1 0.516667 0.815 0.04 0.056667
0 0.06333299999999997 0.131667 0.12 0.123333
0 0.941667 0.616667 0.103333 0.14
=======
0 0.939063 0.139844 0.109375 0.114062
0 0.695312 0.211719 0.090625 0.082812
0 0.437500 0.226562 0.081250 0.090625
0 0.185938 0.517969 0.084375 0.098437
0 0.062500 0.620313 0.096875 0.125000
>>>>>>> 8126ae5d52b5ca214272d46f2873dd5b981d4dab
