<<<<<<< HEAD
0 0.6683330000000001 0.353333 0.17 0.12
0 0.218333 0.265 0.136667 0.13
0 0.7050000000000001 0.14 0.103333 0.06
1 0.286667 0.9 0.16 0.08
1 0.36666699999999997 0.375 0.053333 0.05
0 0.32666700000000004 0.151667 0.06 0.043333
0 0.42500000000000004 0.185 0.05 0.03
0 0.576667 0.221667 0.053333 0.043333
0 0.093333 0.231667 0.186667 0.123333
0 0.618333 0.148333 0.043333 0.036667
0 0.818333 0.186667 0.043333 0.033333
=======
0 0.326562 0.350000 0.146875 0.103125
0 0.183594 0.189062 0.035937 0.034375
0 0.294531 0.142187 0.098437 0.050000
0 0.321094 0.117188 0.064062 0.040625
0 0.383594 0.150781 0.048438 0.039062
0 0.421094 0.223438 0.048438 0.043750
0 0.573438 0.188281 0.053125 0.026562
0 0.671094 0.153906 0.057813 0.032813
0 0.778906 0.268750 0.123438 0.118750
0 0.907813 0.223438 0.184375 0.100000
0 0.490625 0.235156 0.025000 0.014063
0 0.117969 0.262500 0.029687 0.015625
>>>>>>> 8126ae5d52b5ca214272d46f2873dd5b981d4dab
