<<<<<<< HEAD
0 0.43999999999999995 0.386667 0.08 0.073333
0 0.526667 0.425 0.053333 0.043333
0 0.813333 0.435 0.053333 0.07
0 0.575 0.426667 0.05 0.053333
0 0.6333329999999999 0.45 0.053333 0.046667
0 0.745 0.458333 0.05 0.036667
=======
0 0.550781 0.378906 0.079687 0.064062
0 0.473438 0.424219 0.053125 0.042188
0 0.422656 0.426563 0.060937 0.043750
0 0.365625 0.448437 0.056250 0.050000
0 0.258594 0.460156 0.042188 0.032813
0 0.188281 0.430469 0.060937 0.054688
0 0.329688 0.450781 0.037500 0.029687
>>>>>>> 8126ae5d52b5ca214272d46f2873dd5b981d4dab
