0 0.718333 0.370000 0.083333 0.080000
0 0.543333 0.323333 0.066667 0.066667
0 0.365000 0.330000 0.090000 0.093333
1 0.693333 0.961667 0.053333 0.056667
1 0.665000 0.893333 0.076667 0.053333
1 0.586667 0.866667 0.053333 0.053333
1 0.528333 0.870000 0.043333 0.060000
1 0.475000 0.823333 0.063333 0.046667
1 0.436667 0.905000 0.080000 0.056667
1 0.376667 0.936667 0.073333 0.073333
1 0.291667 0.966667 0.076667 0.066667
0 0.911667 0.218333 0.156667 0.123333
0 0.205000 0.318333 0.123333 0.096667
0 0.065000 0.275000 0.123333 0.130000
