<<<<<<< HEAD
0 0.6599999999999999 0.146667 0.06 0.066667
0 0.835 0.056667 0.096667 0.086667
2 0.11833300000000002 0.503333 0.09 0.16
2 0.21666700000000005 0.483333 0.073333 0.133333
0 0.505 0.081667 0.07 0.063333
0 0.971667 0.205 0.036667 0.03
0 0.20166700000000004 0.038333 0.076667 0.07
=======
0 0.801562 0.040625 0.078125 0.078125
0 0.498437 0.082812 0.059375 0.053125
0 0.334375 0.145313 0.050000 0.068750
0 0.164844 0.050000 0.089063 0.084375
0 0.025781 0.203125 0.035937 0.021875
>>>>>>> 8126ae5d52b5ca214272d46f2873dd5b981d4dab
