<<<<<<< HEAD
0 0.9666669999999999 0.38 0.06 0.046667
1 0.41500000000000004 0.811667 0.043333 0.05
1 0.468333 0.808333 0.043333 0.05
1 0.5 0.75 0.046667 0.033333
1 0.536667 0.84 0.06 0.04
1 0.576667 0.881667 0.033333 0.056667
1 0.631667 0.796667 0.043333 0.046667
1 0.6783330000000001 0.818333 0.036667 0.056667
1 0.7166669999999999 0.895 0.066667 0.056667
1 0.9083330000000001 0.828333 0.043333 0.036667
0 0.73 0.34 0.046667 0.04
=======
0 0.268750 0.339062 0.040625 0.043750
0 0.034375 0.382812 0.065625 0.056250
>>>>>>> 8126ae5d52b5ca214272d46f2873dd5b981d4dab
