<<<<<<< HEAD
0 0.5083329999999999 0.378333 0.123333 0.21
0 0.12333300000000003 0.168333 0.073333 0.11
0 0.78 0.318333 0.06 0.076667
1 0.63 0.946667 0.08 0.093333
1 0.505 0.956667 0.056667 0.086667
1 0.281667 0.685 0.056667 0.083333
0 0.431667 0.118333 0.076667 0.096667
0 0.28500000000000003 0.17 0.036667 0.04
0 0.44499999999999995 0.24 0.05 0.046667
0 0.026666999999999996 0.143333 0.053333 0.08
=======
0 0.487500 0.387500 0.128125 0.209375
0 0.215625 0.316406 0.068750 0.064062
0 0.551562 0.239844 0.046875 0.045312
0 0.566406 0.118750 0.082812 0.093750
0 0.717187 0.169531 0.040625 0.042188
0 0.817187 0.164062 0.046875 0.087500
0 0.872656 0.165625 0.073438 0.115625
0 0.971875 0.144531 0.056250 0.076563
>>>>>>> 8126ae5d52b5ca214272d46f2873dd5b981d4dab
