<<<<<<< HEAD
0 0.38 0.321667 0.113333 0.076667
0 0.11833300000000002 0.346667 0.123333 0.093333
0 0.7 0.37 0.126667 0.12
0 0.911667 0.335 0.143333 0.103333
=======
0 0.621875 0.318750 0.106250 0.084375
0 0.721094 0.356250 0.089063 0.065625
0 0.885938 0.352344 0.115625 0.079687
0 0.970313 0.343750 0.059375 0.046875
0 0.787500 0.360156 0.059375 0.042188
0 0.541406 0.298438 0.092188 0.056250
0 0.301563 0.371094 0.118750 0.126562
0 0.092969 0.339844 0.160938 0.095312
0 0.378125 0.353906 0.056250 0.067187
0 0.429688 0.400781 0.075000 0.051562
>>>>>>> 8126ae5d52b5ca214272d46f2873dd5b981d4dab
