1 0.928333 0.931667 0.056667 0.056667
1 0.498333 0.905000 0.050000 0.056667
1 0.430000 0.823333 0.020000 0.046667
1 0.396667 0.800000 0.033333 0.033333
1 0.561667 0.845000 0.043333 0.036667
1 0.768333 0.806667 0.036667 0.040000
1 0.873333 0.711667 0.026667 0.030000
1 0.690000 0.690000 0.026667 0.033333
1 0.906667 0.685000 0.026667 0.036667
1 0.638333 0.693333 0.043333 0.040000
0 0.533333 0.326667 0.060000 0.066667
0 0.401667 0.373333 0.050000 0.060000
0 0.648333 0.375000 0.036667 0.043333
0 0.913333 0.391667 0.046667 0.056667
0 0.698333 0.366667 0.043333 0.040000
