<<<<<<< HEAD
0 0.758333 0.268333 0.09 0.083333
0 0.46499999999999997 0.298333 0.063333 0.063333
0 0.27333300000000005 0.306667 0.093333 0.126667
0 0.08333299999999999 0.336667 0.06 0.053333
1 0.431667 0.955 0.043333 0.05
1 0.946667 0.786667 0.046667 0.04
1 0.986667 0.751667 0.02 0.05
1 0.026666999999999996 0.915 0.04 0.056667
0 0.546667 0.298333 0.073333 0.076667
0 0.19333299999999998 0.413333 0.066667 0.066667
0 0.943333 0.378333 0.046667 0.043333
=======
0 0.914844 0.338281 0.057813 0.060937
0 0.810937 0.407813 0.059375 0.062500
0 0.721875 0.300000 0.081250 0.121875
0 0.662500 0.300781 0.043750 0.057813
0 0.536719 0.299219 0.067187 0.067187
0 0.457031 0.299219 0.079687 0.073438
0 0.246094 0.266406 0.092188 0.082812
0 0.059375 0.373437 0.050000 0.037500
0 0.021094 0.392188 0.032813 0.031250
>>>>>>> 8126ae5d52b5ca214272d46f2873dd5b981d4dab
