<<<<<<< HEAD
0 0.22999999999999998 0.593333 0.046667 0.08
1 0.20666700000000005 0.846667 0.053333 0.046667
1 0.135 0.865 0.043333 0.07
1 0.5333330000000001 0.718333 0.033333 0.056667
0 0.576667 0.496667 0.053333 0.08
0 0.05166700000000002 0.483333 0.043333 0.04
0 0.16833299999999995 0.32 0.036667 0.046667
0 0.11833300000000002 0.32 0.03 0.04
0 0.023333000000000048 0.361667 0.04 0.056667
0 0.558333 0.321667 0.03 0.036667
0 0.443333 0.358333 0.033333 0.043333
=======
0 0.772656 0.603125 0.048438 0.084375
0 0.423438 0.495312 0.053125 0.081250
0 0.443750 0.321094 0.031250 0.029687
0 0.830469 0.320312 0.032813 0.040625
0 0.885938 0.321875 0.034375 0.040625
0 0.946875 0.485156 0.050000 0.029687
0 0.559375 0.355469 0.031250 0.051562
0 0.400000 0.342187 0.031250 0.028125
0 0.590625 0.338281 0.028125 0.045312
>>>>>>> 8126ae5d52b5ca214272d46f2873dd5b981d4dab
