<<<<<<< HEAD
0 0.24 0.318333 0.106667 0.123333
0 0.5283329999999999 0.178333 0.096667 0.116667
0 0.37 0.868333 0.133333 0.136667
0 0.32499999999999996 0.101667 0.096667 0.13
0 0.10833300000000001 0.268333 0.11 0.116667
0 0.12833300000000003 0.11 0.083333 0.086667
0 0.04833299999999996 0.083333 0.083333 0.08
0 0.725 0.048333 0.05 0.083333
0 0.7833330000000001 0.085 0.073333 0.076667
0 0.965 0.296667 0.063333 0.12
=======
0 0.956250 0.089844 0.075000 0.085938
0 0.871094 0.107031 0.076563 0.076563
0 0.672656 0.101562 0.079687 0.118750
0 0.469531 0.181250 0.098437 0.106250
0 0.271875 0.050781 0.050000 0.076563
0 0.214062 0.085938 0.062500 0.068750
0 0.027344 0.298438 0.051562 0.128125
0 0.753125 0.316406 0.093750 0.123438
0 0.888281 0.262500 0.095312 0.096875
0 0.627344 0.870313 0.123438 0.137500
>>>>>>> 8126ae5d52b5ca214272d46f2873dd5b981d4dab
