<<<<<<< HEAD
0 0.71 0.44 0.06 0.073333
1 0.41500000000000004 0.9 0.043333 0.033333
1 0.45666700000000005 0.918333 0.026667 0.043333
1 0.503333 0.933333 0.046667 0.053333
1 0.5549999999999999 0.938333 0.03 0.063333
1 0.636667 0.945 0.06 0.043333
0 0.5900000000000001 0.478333 0.04 0.076667
0 0.43999999999999995 0.486667 0.053333 0.08
0 0.786667 0.461667 0.073333 0.09
=======
0 0.560937 0.482031 0.053125 0.070312
0 0.411719 0.482812 0.035937 0.081250
0 0.359375 0.433594 0.056250 0.064062
0 0.297656 0.442188 0.064062 0.081250
0 0.214844 0.460938 0.070312 0.093750
>>>>>>> 8126ae5d52b5ca214272d46f2873dd5b981d4dab
