<<<<<<< HEAD
2 0.7050000000000001 0.845 0.036667 0.07
2 0.736667 0.843333 0.04 0.073333
2 0.843333 0.893333 0.06 0.053333
2 0.5533330000000001 0.953333 0.046667 0.093333
2 0.515 0.956667 0.05 0.086667
2 0.6333329999999999 0.833333 0.046667 0.073333
2 0.23666699999999996 0.863333 0.053333 0.066667
2 0.276667 0.846667 0.046667 0.06
2 0.141667 0.883333 0.063333 0.066667
2 0.08999999999999997 0.908333 0.066667 0.076667
=======
1 0.439904 0.949519 0.072115 0.096154
1 0.491587 0.950721 0.069712 0.093750
>>>>>>> 8126ae5d52b5ca214272d46f2873dd5b981d4dab
