<<<<<<< HEAD
1 0.7416670000000001 0.766667 0.35 0.4
1 0.561667 0.593333 0.39 0.3
1 0.18333299999999997 0.753333 0.16 0.373333
1 0.135 0.301667 0.223333 0.156667
1 0.31000000000000005 0.253333 0.186667 0.38
1 0.05833299999999997 0.865 0.116667 0.163333
=======
1 0.435096 0.602163 0.399038 0.334135
1 0.251202 0.804087 0.406250 0.387019
1 0.804087 0.770433 0.204327 0.372596
1 0.935096 0.871394 0.125000 0.161058
1 0.671875 0.265625 0.194712 0.391827
1 0.853365 0.295673 0.245192 0.235577
>>>>>>> 8126ae5d52b5ca214272d46f2873dd5b981d4dab
