<<<<<<< HEAD
2 0.733333 0.771667 0.046667 0.09
2 0.8049999999999999 0.763333 0.05 0.06
2 0.835 0.75 0.056667 0.06
2 0.955 0.76 0.056667 0.06
2 0.708333 0.911667 0.056667 0.103333
2 0.666667 0.923333 0.06 0.1
2 0.40333300000000005 0.895 0.06 0.056667
2 0.37166699999999997 0.928333 0.063333 0.07
2 0.28500000000000003 0.971667 0.056667 0.056667
=======
1 0.294471 0.909856 0.079327 0.108173
1 0.343750 0.924279 0.076923 0.103365
2 0.632212 0.921875 0.062500 0.074519
2 0.711538 0.968750 0.067308 0.062500
2 0.189904 0.752404 0.038462 0.062500
2 0.266827 0.766827 0.043269 0.076923
2 0.048077 0.756010 0.038462 0.050481
>>>>>>> 8126ae5d52b5ca214272d46f2873dd5b981d4dab
