<<<<<<< HEAD
2 0.42500000000000004 0.495 0.116667 0.21
2 0.558333 0.493333 0.136667 0.18
2 0.736667 0.516667 0.226667 0.226667
2 0.891667 0.55 0.196667 0.266667
2 0.26 0.533333 0.22 0.22
2 0.125 0.575 0.203333 0.27
=======
2 0.570913 0.501202 0.127404 0.189904
2 0.433894 0.498798 0.137019 0.194712
2 0.257212 0.520433 0.225962 0.213942
2 0.108173 0.560096 0.211538 0.240385
2 0.873798 0.597356 0.199519 0.271635
2 0.742788 0.538462 0.225962 0.192308
>>>>>>> 8126ae5d52b5ca214272d46f2873dd5b981d4dab
