1 0.07166700000000004 0.931667 0.056667 0.056667
1 0.501667 0.905 0.05 0.056667
1 0.5700000000000001 0.823333 0.02 0.046667
1 0.603333 0.8 0.033333 0.033333
1 0.438333 0.845 0.043333 0.036667
1 0.23166699999999996 0.806667 0.036667 0.04
1 0.12666699999999997 0.711667 0.026667 0.03
1 0.31000000000000005 0.69 0.026667 0.033333
1 0.093333 0.685 0.026667 0.036667
1 0.36166699999999996 0.693333 0.043333 0.04
0 0.46666700000000005 0.326667 0.06 0.066667
0 0.598333 0.373333 0.05 0.06
0 0.35166699999999995 0.375 0.036667 0.043333
0 0.08666700000000005 0.391667 0.046667 0.056667
0 0.301667 0.366667 0.043333 0.04
