0 0.281667 0.37 0.083333 0.08
0 0.45666700000000005 0.323333 0.066667 0.066667
0 0.635 0.33 0.09 0.093333
1 0.306667 0.961667 0.053333 0.056667
1 0.33499999999999996 0.893333 0.076667 0.053333
1 0.41333299999999995 0.866667 0.053333 0.053333
1 0.47166699999999995 0.87 0.043333 0.06
1 0.525 0.823333 0.063333 0.046667
1 0.563333 0.905 0.08 0.056667
1 0.623333 0.936667 0.073333 0.073333
1 0.708333 0.966667 0.076667 0.066667
0 0.088333 0.218333 0.156667 0.123333
0 0.795 0.318333 0.123333 0.096667
0 0.935 0.275 0.123333 0.13
