<<<<<<< HEAD
1 0.32166700000000004 0.825 0.036667 0.043333
1 0.296667 0.791667 0.033333 0.063333
1 0.47666699999999995 0.826667 0.026667 0.053333
1 0.45166700000000004 0.811667 0.03 0.043333
1 0.538333 0.723333 0.036667 0.04
1 0.651667 0.83 0.03 0.04
0 0.448333 0.328333 0.056667 0.063333
0 0.648333 0.318333 0.063333 0.056667
0 0.323333 0.306667 0.06 0.06
=======
0 0.742188 0.297656 0.053125 0.048438
0 0.676562 0.307031 0.065625 0.051562
0 0.627344 0.320312 0.054688 0.043750
0 0.596094 0.345313 0.032813 0.025000
0 0.552344 0.328125 0.064062 0.065625
0 0.490625 0.339062 0.031250 0.031250
0 0.434375 0.335156 0.050000 0.051562
0 0.402344 0.342969 0.020313 0.026562
0 0.347656 0.312500 0.048438 0.059375
0 0.300781 0.350000 0.042188 0.053125
0 0.379688 0.350000 0.021875 0.040625
0 0.253125 0.346094 0.043750 0.032813
>>>>>>> 8126ae5d52b5ca214272d46f2873dd5b981d4dab
