<<<<<<< HEAD
0 0.806667 0.231667 0.113333 0.116667
0 0.43500000000000005 0.275 0.09 0.076667
0 0.5816669999999999 0.321667 0.083333 0.05
1 0.495 0.908333 0.05 0.043333
1 0.575 0.895 0.056667 0.036667
1 0.6333329999999999 0.95 0.053333 0.046667
1 0.7216670000000001 0.97 0.05 0.046667
=======
0 0.930469 0.257031 0.139063 0.126562
0 0.851562 0.283594 0.084375 0.123438
0 0.790625 0.257812 0.084375 0.090625
0 0.659375 0.278906 0.068750 0.060937
0 0.567969 0.274219 0.089063 0.076563
0 0.418750 0.325781 0.068750 0.067187
0 0.303125 0.310156 0.093750 0.079687
0 0.190625 0.225781 0.112500 0.104688
0 0.121875 0.316406 0.065625 0.073438
>>>>>>> 8126ae5d52b5ca214272d46f2873dd5b981d4dab
