<<<<<<< HEAD
0 0.523333 0.363333 0.086667 0.093333
0 0.37166699999999997 0.36 0.07 0.08
0 0.256667 0.35 0.06 0.066667
=======
0 0.145313 0.291406 0.121875 0.120313
0 0.278125 0.348438 0.068750 0.075000
0 0.354687 0.339062 0.065625 0.081250
0 0.475000 0.365625 0.087500 0.096875
0 0.423438 0.409375 0.040625 0.078125
0 0.630469 0.358594 0.079687 0.089063
0 0.742969 0.350000 0.064062 0.075000
0 0.841406 0.382031 0.064062 0.104688
0 0.919531 0.379688 0.089063 0.093750
0 0.704688 0.425000 0.046875 0.065625
0 0.541406 0.441406 0.026562 0.042188
0 0.393750 0.434375 0.031250 0.053125
>>>>>>> 8126ae5d52b5ca214272d46f2873dd5b981d4dab
