<<<<<<< HEAD
0 0.401667 0.355 0.076667 0.083333
1 0.51 0.816667 0.053333 0.026667
1 0.5533330000000001 0.795 0.046667 0.023333
1 0.63 0.761667 0.033333 0.043333
1 0.671667 0.741667 0.043333 0.023333
1 0.46666700000000005 0.9 0.06 0.046667
1 0.416667 0.946667 0.053333 0.04
0 0.63 0.328333 0.053333 0.043333
=======
0 0.597656 0.356250 0.079687 0.078125
0 0.490625 0.370312 0.068750 0.062500
0 0.370312 0.331250 0.053125 0.040625
0 0.324219 0.324219 0.045312 0.023438
>>>>>>> 8126ae5d52b5ca214272d46f2873dd5b981d4dab
