<<<<<<< HEAD
0 0.42000000000000004 0.381667 0.026667 0.03
0 0.586667 0.393333 0.026667 0.033333
1 0.405 0.571667 0.016667 0.023333
1 0.426667 0.57 0.026667 0.026667
1 0.586667 0.568333 0.026667 0.023333
1 0.61 0.57 0.02 0.026667
=======
0 0.581250 0.380469 0.025000 0.026562
0 0.412500 0.389844 0.025000 0.032813
1 0.571875 0.576562 0.018750 0.018750
1 0.414062 0.576562 0.018750 0.018750
1 0.390625 0.574219 0.018750 0.017188
1 0.596875 0.574219 0.012500 0.014063
>>>>>>> 8126ae5d52b5ca214272d46f2873dd5b981d4dab
