<<<<<<< HEAD
1 0.406667 0.61 0.12 0.306667
1 0.526667 0.575 0.126667 0.35
1 0.7416670000000001 0.825 0.13 0.263333
1 0.878333 0.761667 0.15 0.363333
2 0.06499999999999995 0.718333 0.13 0.21
2 0.20999999999999996 0.775 0.166667 0.21
=======
1 0.800000 0.774219 0.159375 0.182812
1 0.934375 0.721094 0.131250 0.223438
1 0.592187 0.615625 0.121875 0.290625
1 0.470313 0.586719 0.134375 0.335938
1 0.248438 0.832031 0.115625 0.217188
1 0.132031 0.777344 0.135937 0.357812
>>>>>>> 8126ae5d52b5ca214272d46f2873dd5b981d4dab
