<<<<<<< HEAD
1 0.405 0.565 0.016667 0.023333
1 0.431667 0.568333 0.023333 0.023333
1 0.588333 0.57 0.03 0.026667
1 0.605 0.573333 0.016667 0.026667
0 0.436667 0.378333 0.026667 0.03
0 0.5916669999999999 0.39 0.023333 0.033333
=======
1 0.596875 0.568750 0.015625 0.021875
1 0.574219 0.564844 0.014063 0.020313
1 0.414062 0.574219 0.018750 0.014063
1 0.390625 0.575781 0.012500 0.020313
0 0.407813 0.390625 0.034375 0.028125
0 0.566406 0.376563 0.020313 0.025000
>>>>>>> 8126ae5d52b5ca214272d46f2873dd5b981d4dab
