<<<<<<< HEAD
2 0.06666700000000003 0.705 0.133333 0.223333
2 0.19833299999999998 0.771667 0.176667 0.216667
1 0.405 0.615 0.136667 0.316667
1 0.526667 0.58 0.14 0.366667
1 0.743333 0.84 0.126667 0.226667
1 0.871667 0.753333 0.15 0.373333
=======
1 0.935937 0.709375 0.128125 0.215625
1 0.796875 0.768750 0.165625 0.190625
1 0.597656 0.611719 0.120313 0.292187
1 0.470313 0.582031 0.134375 0.332813
1 0.253125 0.825781 0.125000 0.232813
1 0.132812 0.768750 0.137500 0.353125
>>>>>>> 8126ae5d52b5ca214272d46f2873dd5b981d4dab
