<<<<<<< HEAD
0 0.865 0.693333 0.263333 0.38
1 0.21666700000000005 0.368333 0.093333 0.323333
1 0.146667 0.305 0.086667 0.23
1 0.318333 0.358333 0.123333 0.323333
1 0.405 0.36 0.156667 0.306667
1 0.531667 0.396667 0.203333 0.22
1 0.5816669999999999 0.446667 0.243333 0.273333
=======
1 0.596875 0.371094 0.150000 0.304688
1 0.677344 0.354687 0.117188 0.325000
1 0.780469 0.367969 0.082812 0.320312
1 0.855469 0.312500 0.073438 0.203125
1 0.468750 0.392969 0.206250 0.214062
1 0.416406 0.439844 0.217188 0.273438
0 0.128906 0.690625 0.254688 0.353125
>>>>>>> 8126ae5d52b5ca214272d46f2873dd5b981d4dab
