<<<<<<< HEAD
0 0.25 0.106667 0.026667 0.046667
0 0.83 0.228333 0.033333 0.043333
1 0.748333 0.318333 0.036667 0.036667
1 0.795 0.416667 0.03 0.033333
1 0.826667 0.431667 0.033333 0.036667
=======
1 0.754687 0.227344 0.015625 0.035937
1 0.726562 0.353125 0.015625 0.015625
1 0.688281 0.361719 0.026562 0.026562
1 0.250000 0.319531 0.025000 0.026562
1 0.203906 0.411719 0.026562 0.032813
1 0.171094 0.432812 0.020313 0.037500
0 0.751563 0.103906 0.021875 0.039062
0 0.657031 0.117969 0.023438 0.045312
0 0.283594 0.195312 0.017188 0.037500
0 0.170313 0.231250 0.021875 0.028125
>>>>>>> 8126ae5d52b5ca214272d46f2873dd5b981d4dab
