<<<<<<< HEAD
1 0.795 0.406667 0.03 0.04
1 0.821667 0.428333 0.036667 0.043333
1 0.748333 0.32 0.043333 0.033333
0 0.828333 0.231667 0.036667 0.036667
0 0.7216670000000001 0.183333 0.023333 0.04
0 0.245 0.101667 0.03 0.036667
=======
0 0.750781 0.101562 0.023438 0.037500
0 0.667188 0.142969 0.021875 0.029687
0 0.280469 0.182031 0.017188 0.039062
0 0.168750 0.226562 0.025000 0.034375
1 0.753125 0.227344 0.018750 0.032813
1 0.250000 0.318750 0.021875 0.034375
1 0.204687 0.410156 0.025000 0.035937
1 0.171875 0.429688 0.025000 0.034375
1 0.687500 0.363281 0.025000 0.029687
1 0.725000 0.354687 0.015625 0.018750
>>>>>>> 8126ae5d52b5ca214272d46f2873dd5b981d4dab
