<<<<<<< HEAD
2 0.20666700000000005 0.588333 0.326667 0.443333
2 0.391667 0.478333 0.316667 0.35
2 0.73 0.321667 0.213333 0.236667
2 0.595 0.24 0.21 0.22
2 0.7933330000000001 0.125 0.166667 0.156667
2 0.913333 0.18 0.133333 0.173333
2 0.585 0.863333 0.176667 0.253333
2 0.685 0.895 0.196667 0.21
2 0.7933330000000001 0.708333 0.22 0.21
2 0.826667 0.658333 0.2 0.183333
2 0.916667 0.496667 0.133333 0.166667
=======
2 0.270433 0.316106 0.194712 0.218750
2 0.088942 0.174279 0.134615 0.185096
2 0.210337 0.123798 0.151442 0.165865
2 0.390625 0.235577 0.185096 0.201923
2 0.788462 0.593750 0.336538 0.423077
2 0.496394 0.385817 0.266827 0.276442
2 0.608173 0.487981 0.293269 0.336538
2 0.407452 0.862981 0.165865 0.254808
2 0.310096 0.899038 0.168269 0.201923
2 0.206731 0.711538 0.197115 0.201923
2 0.169471 0.658654 0.189904 0.177885
2 0.079327 0.497596 0.115385 0.173077
>>>>>>> 8126ae5d52b5ca214272d46f2873dd5b981d4dab
