<<<<<<< HEAD
2 0.48666699999999996 0.85 0.086667 0.193333
2 0.62 0.823333 0.12 0.2
2 0.14500000000000002 0.47 0.036667 0.073333
=======
2 0.514844 0.847656 0.098437 0.176563
2 0.382812 0.851562 0.115625 0.150000
2 0.961719 0.971094 0.076563 0.057813
2 0.011719 0.350781 0.020313 0.032813
2 0.857031 0.471094 0.026562 0.051562
2 0.838281 0.462500 0.020313 0.053125
2 0.785156 0.311719 0.023438 0.029687
2 0.668750 0.310156 0.025000 0.029687
2 0.735938 0.300781 0.021875 0.029687
2 0.760156 0.307812 0.020313 0.031250
>>>>>>> 8126ae5d52b5ca214272d46f2873dd5b981d4dab
