<<<<<<< HEAD
2 0.601667 0.68 0.703333 0.62
2 0.265 0.61 0.183333 0.386667
2 0.30000000000000004 0.256667 0.14 0.333333
2 0.42500000000000004 0.266667 0.136667 0.32
2 0.561667 0.268333 0.123333 0.296667
2 0.6799999999999999 0.238333 0.14 0.343333
=======
2 0.734375 0.613281 0.175000 0.370312
2 0.702344 0.251563 0.126562 0.331250
2 0.571094 0.270313 0.142187 0.306250
2 0.439844 0.267969 0.120313 0.310937
2 0.320312 0.241406 0.134375 0.348438
2 0.387500 0.687500 0.731250 0.596875
>>>>>>> 8126ae5d52b5ca214272d46f2873dd5b981d4dab
