<<<<<<< HEAD
2 0.10166699999999995 0.535 0.203333 0.356667
2 0.30333299999999996 0.53 0.213333 0.346667
2 0.463333 0.511667 0.14 0.256667
2 0.5916669999999999 0.511667 0.136667 0.263333
2 0.746667 0.491667 0.173333 0.41
2 0.92 0.506667 0.153333 0.406667
=======
2 0.896635 0.531250 0.182692 0.346154
2 0.700721 0.543269 0.180288 0.307692
2 0.533654 0.509615 0.129808 0.269231
2 0.402644 0.510817 0.132212 0.252404
2 0.250000 0.486779 0.177885 0.415865
2 0.081731 0.504808 0.149038 0.423077
>>>>>>> 8126ae5d52b5ca214272d46f2873dd5b981d4dab
